1027.8755
1012.9670
1073.4066
1028.6813
1047.2162
1021.0256
1016.5934
1032.3077
1033.9194
1025.8608
1027.0696
1034.3224
1024.6520
1028.6813
1034.7253
1039.5604
1026.6666
1035.9341
1030.6960
1025.4579
1032.3077
1025.0549
1033.1135
1024.2491
1028.2784
1021.8315
1046.4103
1026.2638
1019.0110
1021.0256
1022.2344
1057.6924
1033.9194
1034.3224
1030.2931
1030.2931
1041.1721
1014.9817
1031.9048
1026.6666
1021.8315
1029.4872
1050.8425
1022.6374
1031.9048
1031.5018
1033.5165
1035.9341
1019.8169
1024.6520
1031.0989
1059.3041
1034.3224
1033.9194
1034.7253
1021.8315
1031.9048
1033.5165
1023.8462
1030.2931
1032.3077
1035.1282
1016.1905
1029.8901
1019.0110
1037.1428
1049.6337
1028.2784
1018.2051
1031.9048
1021.0256
1019.4139
1027.4725
1029.8901
1041.9780
1036.7400
1042.3810
1035.5311
1031.9048
1039.9634
1039.5604
1035.5311
1023.4432
1022.6374
1001.6850
1031.9048
1032.3077
1022.2344
1031.5018
1021.4286
1032.3077
1044.7986
1089.9268
1020.6227
1072.6007
1045.6044
1035.1282
1041.5751
1038.3517
1033.5165
1021.4286
1039.1575
1033.1135
1029.0842
1026.2638
1035.5311
1034.3224
1061.3187
1025.0549
1077.4359
1037.1428
1024.2491
1034.7253
1036.3370
1031.0989
1033.9194
1023.0403
1068.5714
1013.3700
1033.5165
1034.7253
1038.7546
1031.5018
1034.3224
1025.8608
1083.4799
1044.7986
1068.5714
1025.4579
1031.9048
1027.0696
1033.9194
1057.2894
1035.1282
1023.0403
1036.3370
1051.2455
1025.8608
1031.5018
1029.8901
1024.2491
1026.2638
1046.4103
1028.2784
1035.1282
1020.6227
1019.4139
1027.8755
1029.4872
1024.6520
1033.5165
1034.7253
1075.4213
1016.9963
1071.3920
1034.3224
1029.8901
1032.7107
1037.1428
1022.6374
1023.4432
1033.9194
1032.3077
1030.6960
1032.3077
1029.4872
1024.6520
1021.8315
1036.7400
1031.0989
1032.3077
1035.5311
1012.9670
1034.3224
1042.3810
1035.1282
1018.2051
1029.8901
1028.6813
1041.9780
1034.7253
1033.9194
1027.8755
1027.8755
1039.1575
1023.4432
1019.8169
1022.2344
1037.5458
1036.3370
1035.1282
1019.8169
1035.1282
1016.1905
1001.6850
1024.2491
1036.7400
1021.4286
1031.0989
1027.8755
1035.5311
1034.3224
1048.0220
1014.9817
1041.5751
1033.9194
1029.0842
1031.0989
1025.0549
1029.0842
1030.2931
1039.9634
1014.5788
1037.9487
1037.5458
1120.1465
1043.9927
1035.5311
1046.8132
1036.3370
1032.3077
1017.8022
1027.4725
1019.4139
1025.8608
1028.6813
1050.0366
1032.7107
1048.8279
1035.5311
1042.7839
1047.6190
1037.9487
1040.3663
1035.5311
1009.3407
1027.8755
1016.5934
1036.3370
1033.5165
1029.8901
1025.0549
1064.9451
1029.4872
1023.4432
1125.7876
1041.1721
1022.6374
1035.9341
1031.0989
1130.2198
1036.7400
1034.7253
1029.4872
1026.6666
1021.0256
1042.7839
1036.3370
1047.6190
1069.7803
1032.3077
1052.0513
1029.0842
1036.7400
1027.4725
1029.4872
1030.2931
1026.2638
1033.5165
1034.3224
1034.3224
1115.3114
1028.2784
999.2674
1031.9048
1032.3077
1025.0549
1041.1721
1043.1868
1030.6960
1030.2931
1039.5604
999.2674
1036.7400
1033.9194
1032.7107
1012.5641
1077.8389
1032.3077
1025.0549
1040.7693
1038.3517
1032.3077
1035.5311
998.0586
1052.0513
1116.9231
1034.3224
1021.8315
1026.2638
1031.9048
1029.0842
1031.9048
1033.5165
1035.9341
1033.9194
1024.2491
1027.8755
1031.5018
1033.9194
1022.2344
1034.7253
1035.1282
1034.3224
1035.1282
1027.8755
1028.6813
1039.1575
1016.9963
1037.1428
1039.9634
1027.0696
1037.9487
1056.8865
1025.4579
1024.2491
1025.8608
1034.3224
1031.5018
1050.0366
1025.4579
1035.5311
1017.3993
1033.9194
1023.4432
1022.2344
1020.6227
1077.4359
1021.0256
1031.5018
1035.5311
1027.8755
1014.5788
1037.5458
1035.9341
1035.5311
1032.3077
1034.3224
1025.0549
1032.7107
1080.2565
1017.3993
1033.5165
1075.0183
1048.8279
1050.0366
1063.3334
1048.4249
1046.8132
1028.6813
1067.3627
1027.8755
1042.7839
1037.5458
1029.8901
1032.7107
1026.6666
1021.0256
1034.3224
1031.5018
1034.7253
1118.5348
1029.0842
