994.0293
968.6447
939.2308
920.6960
930.3663
945.6777
978.3150
1006.1172
1022.6374
1033.5165
1060.5128
1003.6996
1049.6337
960.5861
932.7839
983.9561
914.2491
933.9927
968.2418
989.1942
1021.4286
1035.1282
1037.9487
1010.9524
996.0439
1004.9084
953.7363
936.0073
923.5165
972.2711
955.3480
992.4176
1030.2931
1031.9048
1044.3956
1027.4725
1014.1758
983.5531
960.5861
940.4396
927.1429
925.5311
951.3187
966.6301
992.0146
1014.5788
1077.4359
1037.5458
1029.0842
998.0586
966.2271
937.2161
923.5165
920.2930
941.6484
975.0916
1008.5348
1043.5897
1032.7107
1019.4139
1031.9048
1004.1026
967.0330
929.9634
921.5018
916.2637
937.2161
956.5568
978.7180
1011.7582
1031.5018
1041.1721
1027.0696
992.8206
978.3150
950.1099
927.5458
940.8425
937.6191
944.0659
963.0037
1012.9670
1048.0220
1041.1721
1033.5165
1040.7693
981.9414
959.3773
944.8718
929.1575
903.3700
933.1868
955.7509
995.6411
1026.2638
1023.0403
1038.3517
1031.9048
1041.5751
973.4799
942.4542
930.3663
921.0989
929.1575
943.6630
985.5678
1002.8938
1032.3077
1027.0696
1024.2491
1019.0110
1019.4139
968.2418
943.6630
923.9194
920.2930
935.6044
944.0659
979.9268
1018.6081
1023.8462
1040.3663
1041.9780
1008.9377
978.7180
950.9158
931.5751
922.3077
969.8535
956.1539
985.9707
1006.9231
1035.5311
1039.9634
1060.1099
1028.2784
1016.9963
970.6594
946.0806
934.3956
923.1136
932.7839
967.0330
1003.6996
1025.8608
1051.6483
1035.5311
1022.6374
991.6118
971.8682
932.7839
928.7546
963.4066
932.7839
943.2601
987.5825
1019.8169
1048.0220
1031.9048
1023.0403
1019.4139
951.7216
980.7326
936.8132
924.3224
930.7692
952.1246
973.0770
991.2088
1112.4908
1033.1135
1016.9963
1018.2051
985.5678
952.5275
932.7839
929.5604
929.5604
956.1539
995.2381
992.8206
1031.0989
1033.5165
1010.1465
1023.0403
995.2381
978.7180
948.9011
929.1575
936.0073
933.9927
970.2564
976.7033
979.9268
1025.4579
1055.2748
1038.7546
1025.0549
960.1832
957.3627
938.0220
919.8901
935.6044
941.2454
967.0330
999.6703
1025.0549
1055.6776
1044.3956
1023.4432
990.8058
948.0953
957.3627
926.3370
948.4982
927.9487
958.5715
973.8828
1008.5348
1022.6374
1060.5128
1023.0403
1025.0549
988.7912
965.0183
938.8279
936.4103
915.4579
931.9780
973.0770
990.4030
1002.0880
1043.9927
1033.1135
1022.2344
1000.4762
983.5531
925.9341
929.1575
921.0989
938.8279
953.7363
978.7180
1008.9377
1033.1135
1052.4542
1035.1282
1012.9670
980.7326
947.6923
940.4396
933.1868
930.7692
940.0366
966.6301
1006.5201
1002.8938
1053.6630
1114.1025
1029.4872
992.0146
963.4066
928.7546
928.7546
933.1868
931.1722
946.8865
981.9414
1000.8792
1029.8901
1097.5824
1035.1282
1022.2344
973.0770
958.9744
941.2454
926.3370
921.9048
965.4213
1053.2601
1005.3113
1012.5641
1037.1428
1037.9487
1026.2638
1000.8792
968.2418
953.3334
925.1282
926.3370
936.4103
964.2125
998.8645
1005.3113
1030.6960
1034.3224
1029.4872
1042.7839
985.9707
960.5861
974.2857
927.1429
926.3370
944.0659
964.2125
993.6264
1021.8315
1035.1282
1032.3077
1024.2491
987.5825
968.6447
948.0953
946.0806
927.5458
941.6484
952.1246
1040.7693
1003.6996
1027.4725
1110.0732
1033.5165
1025.8608
991.2088
967.0330
949.3040
919.4872
922.3077
938.8279
967.4359
1073.8096
1103.6263
1031.5018
1038.3517
1018.2051
987.5825
975.4945
946.8865
923.5165
925.5311
932.3810
959.7802
986.7766
997.2527
1039.5604
1038.3517
1041.9780
1016.9963
989.5971
972.6740
925.1282
936.8132
939.2308
940.4396
967.0330
992.8206
1012.1612
1033.5165
1035.9341
1027.0696
1003.6996
973.0770
954.9451
926.3370
943.6630
939.2308
964.2125
987.9854
1001.2820
1039.1575
1039.1575
1025.4579
1009.3407
