1040.3663
982.7473
1104.0293
1015.7875
1038.7546
1038.7546
1047.6190
1048.8279
1036.3370
1021.8315
1046.0073
1015.3846
1039.1575
1024.6520
1029.4872
1038.3517
1033.5165
1033.5165
1131.0256
1051.6483
1090.7327
1046.0073
1049.6337
1020.6227
1023.8462
1026.2638
1021.0256
1034.7253
1058.9011
1043.1868
1041.1721
1057.6924
1052.8572
1002.0880
1028.2784
1019.4139
1021.4286
1017.3993
1111.6851
1074.6154
1041.5751
1042.7839
1054.4689
1031.5018
1049.6337
1032.3077
1037.9487
1023.8462
1039.5604
1036.7400
1016.9963
1025.0549
1017.3993
1065.7510
1036.7400
1045.6044
1047.6190
1070.5861
1029.0842
1027.0696
1025.0549
1020.2198
1068.9744
1026.2638
1036.7400
1031.9048
1041.9780
1037.5458
1033.1135
1046.8132
1020.2198
1026.2638
1006.5201
983.5531
1018.6081
1020.6227
1041.1721
1088.3151
1042.7839
1034.3224
1048.4249
1036.7400
1037.9487
1016.5934
1025.0549
1040.3663
1021.4286
1016.5934
1027.8755
1030.6960
1030.2931
1039.1575
1039.1575
1133.8462
1033.5165
1030.2931
1016.5934
1016.1905
1013.3700
1028.6813
1035.1282
1031.9048
1048.8279
1036.7400
1055.2748
1042.3810
1028.2784
1021.4286
1122.5641
1021.4286
1020.6227
1031.9048
1020.2198
1032.3077
1034.7253
1032.3077
1052.8572
1039.5604
1039.9634
1033.5165
1017.3993
1019.4139
1018.2051
1025.4579
1010.5494
1027.8755
1031.5018
1042.3810
1039.1575
1048.0220
1052.8572
1069.3773
1033.9194
1024.6520
1020.2198
1028.6813
1017.8022
1024.6520
1027.8755
1032.3077
1048.4249
1051.2455
1043.5897
992.4176
1036.7400
1022.6374
1024.6520
999.2674
1010.9524
1026.6666
1009.3407
1052.8572
1034.3224
1042.7839
1032.3077
1045.6044
1040.7693
1018.2051
1005.3113
1024.6520
1022.6374
1022.6374
1016.9963
1021.8315
1042.7839
1041.1721
1048.8279
1064.5421
1048.0220
1043.1868
1029.8901
1023.0403
1012.9670
1011.3553
1023.4432
1027.4725
1034.7253
1112.4908
1041.5751
1037.9487
1013.3700
1033.9194
1025.0549
1029.0842
1016.5934
1015.3846
1004.9084
1005.3113
1031.0989
1031.9048
1042.7839
1050.8425
1023.0403
1037.9487
1030.6960
1034.7253
1030.6960
1016.1905
1019.0110
1026.6666
1032.7107
1032.3077
1035.5311
1029.4872
1051.2455
1059.7070
1034.3224
1020.6227
1017.8022
1024.6520
1004.1026
1012.1612
1015.7875
1037.5458
1050.0366
1036.7400
1055.2748
1040.3663
1035.9341
1020.2198
1018.6081
1052.8572
1007.3260
1001.6850
1023.0403
1031.9048
1029.8901
1041.5751
1040.7693
1118.1318
1032.7107
1041.1721
1026.6666
1016.9963
1018.2051
1039.5604
1012.5641
1023.4432
1025.8608
1036.3370
1054.0659
1044.3956
1057.6924
1033.1135
1031.5018
1035.5311
1030.2931
1037.9487
1020.6227
1014.5788
1031.0989
1039.5604
1041.9780
1049.6337
1044.3956
1043.1868
1046.8132
1057.2894
1021.8315
1013.7729
1009.7436
1047.6190
1034.3224
1021.4286
1038.3517
1039.1575
1055.6776
1139.4872
1047.6190
1028.6813
1033.5165
1018.6081
979.9268
1055.2748
1018.6081
1026.2638
1034.7253
1051.6483
1036.3370
1051.2455
1050.4396
1029.4872
1044.7986
1027.4725
1026.6666
1009.7436
1020.2198
1027.4725
1015.3846
1022.6374
1035.9341
1031.9048
1039.9634
1037.9487
1048.4249
1027.8755
1029.0842
1035.9341
1057.2894
1024.6520
1027.8755
1029.8901
1035.1282
1041.1721
1029.8901
1039.1575
1039.5604
1044.3956
1036.3370
1023.4432
1023.4432
1024.2491
1069.3773
1018.6081
1023.0403
1031.5018
1031.9048
1054.8718
1036.7400
1040.7693
1041.5751
1016.1905
1021.0256
1021.0256
1016.9963
1018.6081
1017.8022
1028.2784
1036.3370
1041.9780
1036.3370
1048.4249
1038.3517
1041.1721
1038.3517
1031.9048
1006.9231
1001.2820
1015.7875
1051.2455
1022.6374
1021.0256
1050.0366
1038.3517
1068.9744
1037.9487
1050.4396
1031.5018
1046.4103
1027.8755
1023.8462
1021.8315
1000.0733
1027.4725
1026.6666
1037.5458
1044.7986
1055.6776
1043.1868
1058.9011
1016.1905
1091.1355
1020.6227
1016.9963
988.3883
1066.1538
1027.8755
1041.1721
1033.5165
1031.9048
1043.5897
1051.6483
1042.3810
1025.8608
1042.3810
996.4469
1023.8462
1036.7400
