1091.9414
1156.8132
1046.0073
1041.5751
1025.8608
1033.9194
1062.5275
1079.0476
1101.6117
1101.2089
1106.4469
1085.0916
1088.7180
1048.8279
1034.3224
1034.7253
1046.8132
1064.5421
1079.8535
1079.8535
1097.9854
1103.6263
1089.9268
1087.9121
1067.3627
1062.5275
1047.2162
1037.9487
1071.3920
1054.8718
1062.5275
1160.0366
1083.4799
1139.8901
1100.8059
1127.8022
1080.6593
1067.3627
1047.6190
1046.0073
1034.3224
1040.7693
1055.2748
1083.8828
1091.9414
1098.7913
1108.4615
1099.1942
1091.5385
1067.3627
1042.3810
1042.3810
1030.6960
1032.3077
1037.5458
1061.3187
1078.2418
1109.6703
1094.3590
1139.0842
1083.8828
1077.4359
1059.3041
1039.9634
1034.3224
1032.7107
1030.2931
1048.4249
1062.9304
1080.2565
1122.9670
1103.2235
1100.4030
1081.0623
1069.7803
1055.2748
1028.6813
1035.9341
1052.8572
1035.5311
1037.1428
1093.9561
1090.7327
1110.4762
1103.6263
1091.9414
1072.1979
1067.7656
1056.8865
1043.5897
1024.6520
1041.5751
1066.5568
1068.5714
1085.4945
1095.5677
1082.2711
1096.7766
1089.5238
1072.6007
1071.3920
997.2527
1053.2601
1030.2931
1042.3810
1065.7510
1078.2418
1084.2858
1091.5385
1129.8169
1073.8096
1081.8682
1054.8718
1046.0073
1039.1575
1022.6374
1032.7107
1056.0806
1062.9304
1083.4799
1093.5531
1101.6117
1095.1648
1082.6740
1064.5421
1048.4249
1028.6813
1040.3663
1035.1282
1070.1831
1060.5128
1085.8975
1106.8499
1099.5970
1099.5970
1091.5385
1080.6593
1096.3737
1077.8389
1042.3810
1033.9194
1030.6960
1043.5897
1060.5128
1106.8499
1091.9414
1090.7327
1099.1942
1099.1942
1073.0037
1064.9451
1031.9048
1023.0403
1045.2015
1045.6044
1067.7656
1078.2418
1082.2711
1083.8828
1189.0476
1095.9707
1073.0037
1049.2308
1052.4542
1033.1135
1043.9927
1033.5165
1069.7803
1112.0879
1095.5677
1116.1172
1081.0623
1082.6740
1089.9268
1085.0916
1060.9158
1035.9341
1035.5311
1070.5861
1063.7363
1141.5018
1093.5531
1087.5092
1092.3444
1105.6410
1064.5421
1058.9011
1050.0366
1067.3627
1055.2748
1047.6190
1069.7803
1079.8535
1092.7473
1103.2235
1105.2382
1091.5385
1087.1062
1066.9597
1061.3187
1056.0806
1028.6813
1040.7693
1036.7400
1065.3480
1081.4652
1081.4652
1111.6851
1116.5201
1071.3920
1078.2418
1063.7363
1035.1282
1122.5641
1038.7546
1034.3224
1046.4103
1075.0183
1081.0623
1103.2235
1090.3297
1109.6703
1085.8975
1056.0806
1047.6190
1064.9451
1052.8572
1031.5018
1059.3041
1070.1831
1081.4652
1091.5385
1095.5677
1103.2235
1090.7327
1069.7803
1102.4176
1048.0220
1032.7107
1041.5751
1052.8572
1083.8828
1074.2125
1084.6887
1101.6117
1100.0000
1100.8059
1083.0769
1164.0659
1046.8132
1041.5751
1036.7400
1041.1721
1049.6337
1057.2894
1078.6447
1085.0916
1100.0000
1121.7583
1080.6593
1079.0476
1046.0073
1049.2308
1035.9341
1046.4103
1042.3810
1100.4030
1076.2272
1087.9121
1097.5824
1097.1794
1116.1172
1088.3151
1077.4359
1018.6081
1048.8279
1027.8755
1077.4359
1017.8022
1052.4542
1085.0916
1083.8828
1086.7034
1103.2235
1114.5055
1092.3444
1057.6924
1040.3663
1041.5751
1050.0366
1041.5751
1059.7070
1095.5677
1089.9268
1101.2089
1081.0623
1088.7180
1085.4945
1070.5861
1042.7839
1057.2894
1076.2272
1047.6190
1040.7693
1062.1245
1083.0769
1087.5092
1091.1355
1107.6556
1093.1501
1064.9451
1031.0989
1039.9634
1017.8022
1039.5604
1073.8096
1104.4323
1094.7620
1102.0146
1117.3260
1104.8352
1089.5238
1058.4982
1043.9927
1029.8901
1036.3370
1041.1721
1067.7656
1069.7803
1084.2858
1087.9121
1124.1758
1098.7913
1161.6483
1087.5092
1049.6337
1055.6776
1026.2638
1079.8535
1049.6337
1062.9304
1150.3663
1137.0696
1103.6263
1104.8352
1093.5531
1101.2089
1058.9011
1046.0073
1040.7693
1032.7107
1039.9634
1040.3663
1069.3773
1095.9707
1103.6263
1088.3151
1094.7620
1084.6887
1070.1831
1047.2162
1041.1721
1028.6813
1034.7253
1078.6447
1057.6924
1097.5824
1091.9414
1101.6117
1110.8792
1080.6593
